100
6
3 8 9 2 5 10
2
2 1
2
17 99
5
1 5 20 2 1
1
12
3
1 2 3
3
17 5 19
3
19 13 2
3
1 99 2
6
6 4 3 5 8 8
25
1 2 3 4 5 6 7 8 9 10 11 12 13 14 15 16 17 18 19 20 21 22 23 24 25
25
25 24 23 22 21 20 19 18 17 16 15 14 13 12 11 10 9 8 7 6 5 4 3 2 1
10
1 22 3 19 4 18 5 15 7 12
10
1 3 6 10 15 11 9 5 4 2
9
99 78 65 34 4 22 47 75 94
9
70 23 93 56 79 49 42 20 89
9
36 18 59 32 36 16 60 55 48
9
27 77 12 39 20 10 68 4 27
9
32 3 94 56 74 51 56 76 71
9
46 78 92 40 89 41 31 29 14
10
24 59 71 90 54 14 51 92 97 6
10
37 8 79 90 1 43 48 50 5 66
10
97 25 21 85 68 90 96 34 32 86
10
96 82 2 11 24 12 24 56 3 75
10
33 95 83 37 61 67 67 97 18 47
11
50 80 46 94 2 99 100 1 60 60 30
11
57 60 60 28 70 27 56 50 41 30 62
11
70 72 82 6 72 12 46 36 22 13 29
11
64 52 2 77 85 40 99 27 42 26 18
11
88 27 50 42 7 26 1 21 32 45 60
12
42 56 83 14 50 62 17 74 2 78 63 38
12
100 16 95 94 77 10 33 60 76 57 87 78
12
57 82 75 24 80 45 71 52 51 42 37 99
12
5 39 59 50 13 88 60 72 10 25 40 86
12
80 77 56 84 35 44 5 86 54 82 23 43
13
3 44 45 85 69 4 48 82 29 72 35 84 94
13
36 84 71 79 77 20 38 26 80 44 27 99 59
13
33 73 89 64 65 27 40 71 98 63 42 86 67
13
31 11 59 77 10 44 22 99 90 23 84 61 36
13
61 59 69 64 3 86 79 4 70 68 74 59 4
14
72 83 87 36 88 18 62 1 34 72 51 45 94 48
14
33 90 93 44 60 36 74 10 80 85 79 45 98 16
14
86 26 64 80 96 76 80 61 29 7 64 85 2 32
14
96 92 56 76 84 60 22 76 80 22 36 55 38 13
14
24 22 75 33 33 72 44 11 63 80 30 15 14 36
15
40 81 35 31 28 29 31 74 100 81 25 50 66 73 46
15
65 46 17 50 24 15 9 74 72 49 8 60 52 54 9
15
39 21 70 3 12 58 23 84 96 3 88 29 59 93 49
15
92 56 76 24 30 17 91 59 74 98 91 74 53 81 43
15
62 67 12 19 14 2 47 100 85 1 47 98 29 48 84
16
11 86 95 38 63 5 52 25 21 10 49 75 69 56 85 20
16
58 61 1 1 26 77 22 54 99 83 5 100 40 49 15 63
16
40 64 50 15 75 96 43 6 31 97 34 97 21 46 15 74
16
28 80 99 89 9 39 78 54 51 44 34 91 77 90 72 30
16
42 95 37 1 35 54 68 67 36 14 41 14 68 36 85 47
17
74 53 69 50 48 94 80 39 49 56 81 75 100 68 92 19 30
17
23 24 94 8 9 53 49 33 79 39 20 37 35 2 75 75 99
17
35 6 60 12 75 64 73 40 83 62 9 77 16 39 14 53 87
17
43 34 39 28 28 17 44 38 4 65 25 2 65 100 38 65 70
17
37 44 3 95 58 39 62 46 77 91 14 30 22 48 26 88 56
18
32 15 20 38 47 68 2 95 69 93 62 9 15 16 37 11 51 8
18
30 33 93 56 76 52 62 92 40 46 37 50 84 94 22 8 9 100
18
98 71 74 44 8 11 15 17 5 22 93 57 71 30 70 85 7 47
18
51 85 84 53 48 61 6 53 45 10 87 29 46 4 93 45 96 72
18
60 25 70 1 77 68 8 51 22 10 55 55 76 73 29 73 99 64
19
8 71 5 44 65 1 18 4 57 2 94 29 67 6 88 37 83 24 93
19
55 39 18 68 86 25 78 92 49 16 84 95 95 74 5 14 16 29 78
19
80 84 68 73 23 82 5 23 68 48 44 75 79 65 30 86 12 95 27
19
43 8 74 41 93 66 45 71 79 3 7 73 55 88 93 8 22 63 78
19
80 98 85 91 11 33 91 64 9 22 74 42 6 66 71 30 48 84 22
20
14 26 100 74 43 53 88 98 15 76 72 95 72 49 88 38 96 81 3 39
20
98 28 70 18 29 83 18 57 16 41 82 50 66 5 69 23 95 12 74 47
20
2 10 76 90 36 55 20 67 28 54 45 69 65 54 80 17 58 43 96 39
20
76 72 51 15 65 42 73 4 82 79 17 45 6 80 41 84 58 96 95 29
20
52 66 42 52 76 44 10 26 27 45 51 79 38 80 94 91 39 7 61 39
21
42 70 60 22 43 63 100 6 74 22 21 55 95 21 39 53 59 74 56 5 38
21
48 28 7 46 59 92 37 84 6 68 7 26 89 55 78 29 3 41 14 68 34
21
81 21 84 26 67 99 90 72 59 35 22 83 62 43 28 23 64 82 28 15 23
21
81 70 56 96 28 44 84 43 26 8 24 99 16 49 30 15 46 61 54 30 30
21
74 83 10 6 25 68 71 4 96 52 46 32 90 47 80 32 37 90 11 26 10
22
100 73 7 45 46 98 79 80 87 91 29 60 84 55 4 27 16 81 26 46 96 76
22
24 50 89 50 26 50 8 4 53 75 58 72 70 32 91 53 72 71 61 67 69 7
22
94 38 13 7 6 33 48 35 34 82 49 66 31 20 63 64 63 43 79 13 13 43
22
97 66 88 43 35 38 82 28 8 75 21 55 98 90 29 79 15 88 55 87 28 2
22
41 42 66 88 83 35 100 58 66 4 53 3 60 85 36 5 47 14 45 92 76 25
23
90 10 30 73 50 59 19 40 76 3 7 81 75 64 32 81 45 52 41 15 53 99 34
23
59 70 40 99 9 25 50 45 61 45 89 41 12 21 70 22 76 69 63 1 5 7 2
23
10 69 1 93 46 45 86 6 75 28 93 64 44 67 34 5 78 66 16 61 14 3 9
23
72 27 28 80 27 86 25 57 41 20 82 84 55 41 66 19 44 15 85 93 43 32 87
23
11 81 96 65 50 80 20 19 37 52 71 11 8 20 7 58 97 20 4 56 38 100 73
24
61 68 65 26 77 83 62 72 7 97 67 90 73 19 45 49 83 73 96 27 6 82 84 33
24
27 12 13 4 89 36 99 79 51 89 86 79 77 38 22 56 4 18 85 58 35 64 71 79
24
85 65 51 1 13 88 45 81 33 64 55 33 62 78 11 44 67 87 57 52 80 94 1 32
24
65 41 20 30 79 80 56 75 25 74 1 69 55 12 5 26 48 64 50 7 58 58 42 9
24
78 9 92 91 75 84 1 32 46 46 93 39 60 59 15 53 45 99 94 17 49 1 22 95
25
51 25 66 13 7 2 47 69 95 79 73 77 38 67 65 7 53 58 54 57 59 57 44 16 58
25
93 10 91 66 60 67 99 30 81 71 72 33 93 62 3 71 70 46 98 4 63 89 66 56 12
25
89 24 79 55 87 22 54 79 61 81 71 24 91 71 78 39 97 45 21 12 75 10 29 29 89
25
73 97 88 16 33 35 56 77 51 45 64 72 13 61 29 27 77 52 57 32 63 99 19 44 58
25
7 65 54 11 39 84 48 64 35 87 76 20 83 83 1 52 44 89 75 18 83 59 16 71 84